$ANSIBLE_VAULT;1.1;AES256
35376565386235393731613630343935613331333933666531306666643863613862336630626539
3636303765333038616135656134623764633239646465300a376565316533333338623739373762
33643337663831633230666363316337383962366166326262643536663134363366643638343338
6561313764393237640a613734383666393966306433336134613135386532336538663362366337
34383033333731373837383363353931626432386631306162303832376435326233626334316132
31393630633530373438313663376461643039343630613536323134613531643332326536386361
30383932663166633363356230386434333336653239383832336566323339306531663964383730
61636332366335633032333231366637613834396233343238326435633735336362396531393136
34383765356437363330306365323861663038653439626562376161633231366530366533373062
36396233333639633738373838623334333239373562356339656163663564663539336366656636
38353361353039363431633337616533383762393936366262346534666138623963386235343539
64353933356532643730616434383466333232373036333863373735313062333964303433303035
37313339613130316330653231653839623834343434336335653631396439646264326666393539
62313562613665303131643839633833303232323433313561383736366432656337646161626266
62616362373663623336643030303439386138316531663037313438323932653066646334306330
33386261643966653930313237386333656630633830373930666161306637623666356662306233
36303432643732333861326339656161623434373866316336316661356338396235326663656430
63366663663933383636646131383938333536396366613537326165353139323264323161663663
33633433636463303063646133343462363364376561373432613635393936633734356532653061
62333961353363366337316262323239626466366562623436353061393330616161396230386238
30353138613836646635633532623538396636646566323365333237306662626566626365383537
31613039356364343437343663643331326237363731646138326438353736356131323530333238
34663634643037366437323834643437383337336165346332303339353434646535316535353464
61353134343830323637653065393765313139623733326539386333306330646635663531356431
63666339623238303264376637333838613061633437346235663265663265353230643937663062
32653839626632663435383164383437353438353765633532353239623866386130363339663864
31366535343630623566626562613131323863323530343964323666656134636361633866623633
62396461633633326535376133643435623034393031643066613336336430333635333762313639
36376133663031663839323939346339323633393830316134616539316237336261313266343461
30366565653962656137303165393661303633616235323932343564316162343263353266356464
62376263396366636363376562653337643064393938643836396534623463343361373033343130
37666462333766663663663836623737363337396332653461356334656632326534336339663964
31386264623235326139656361383164626630393830306563626335626433616233666362303837
35333939323962333333363837633738653663366263393162363634333335653165623961323533
64653939323532623864653266643533393238336634636233396366656264623866326363383162
62346263323261336137303234323636373332393534323032393264636432636636363935633162
37626464643863386464646633336566316333303363636433386361626134396633363561396338
34616233626139313335643732366436323263356330373631333930353335373063393134386138
65353533653066373231666439303038393938316535396238306163356239366134633932643865
35373265653262663931303566346263323837663532336630343465646562346433333637323330
39616632623334346339383032626432363333623533663534383563343766303234653066323639
66326535646334376434326635633264303232363831373032613062366230613262383538376562
66383334623839356638333532313633623031666662613837383139613938333439346364646464
63393937613838363138343035643734326633363437313137376561643931366166366532613935
33643731643138653136323937626431393030653064613339323564373063633938393364323734
32303137333635653237353564373961373036373134343137663639356562333533316561366237
61633434353039613831386261623662376534633566396661323264363833613431323663646537
39333631383264303235356466316265356662613332303464326331633734396534313430356263
31616133333736313666656662333061636463383361626463333335623066623361623963326538
65383035656663376530386436346162333461643230623631663136353533333934306537396339
39323739363536663064656464663936323466623230313839653965353333363534313366376433
63383233666465356438323835326663343864303362343363616639353338373133323231393137
63653061383837323766656334393431383664616138653737626434353462613131383964666166
62373366336266616637313039376464313336636130316639376634393666306131666265326435
34613662393663313965623362373166633639626261363039326163303738666337373566633066
61373863323463376332323261656637623263643634346165633361666533353938363633623736
32316564613562316665396638303035633335323536646266313266383135356439313866656333
32373234643561363639303433363666383863333838386135323935616561653664396234636235
31373132316632303761656431626664343862613339636562333939396632356461336464376161
39383738363738306136343139643738356538343463646264613438306130353565393031663162
63316366353031386137326661663637346233386433393636343033646561356638336535393532
63383033313961323165646137393736646331643638616563656566623530356134303933613437
36373564346161333763393436303965646166626461376266653864636564363038353234313336
66336361303631653366376332623764343337353164383931613665336665356134333632656639
64646164346463653561323234626531353762376333383639613731356539336135653761336365
34613765663733386538643165303236383930656566613039613532623733666662623737663738
38633938303832626330363735663066663361646134373663643738393139623966393232323031
34636561626564323765616436336136376138623466636561333834346164643732336430313532
32626336643433656539666639613262626531376333393366663263393739633961653862333733
34373233636665616663343133656333353036646266383337353531656232333261646135653837
62636637666433396431346330343139373164393035313235633161633066623966646331383866
65303032306364336666656465323831356233356238336365333064336230366430393939323432
61633838306233343937653734346230613330613161393565306461633734306564343936356130
63353161366239353638376366323964356639616666356461323935306466393534353366393035
64623363356666646437656261633337386635366263333437656163343137363763383766306431
36336434303932633265333463393530346462333763646564623263346262333966613565323061
65363864633362343832613963363732613538323765326161393665373331633934666165356265
39666133343430303664353564393964326638373135353035663763653933373135663331396533
30303632306264346164363134363832393765393561363331636561363639373266303262663666
31303634336631303865303936326465363431646230613066356436663766363932656365356166
66663332393239376262613537313263666562393861333235623763363763363664393035333134
62646639323239316464316334373135336137353437636561616630643434346335356435626130
39636265333764336262343034626236353265313732333437323234393439373739613963373461
36373366626161343539636637396236646561313431633963623935633864623761313233643730
36303533386331646365633263346636666133353362646336356536366165373864633666623032
62306336336362363963613861633764633934396363663936353362323636333562366638396134
65306365316561663062616338363232626532623164373865653063326163663566353261313762
64393761353361636161316439623732383538373837653330356638363332653765613437376464
62653535653539613638376566376639343638393638373739393131653431613665326666663435
61656436326463623333636639666638373133643036653861643638643133386238343030306632
38356430306135653962626533383837633662656362306465333337636431616432663161356439
38663566393832656135613765376662373364363566646663646463616638333431303766313033
61323032326161356536353632326134306564323630326330623835383334396436353166326364
66343361356134386164646635396563633736316264623031666238323930333633396535396231
38356364656130613239613963623832343566376335623433343833666363353330356538303632
64626165303831636635646261333062316462346333363338636332383166393963386561616436
65333165623965343462623464626435326361656565633235333762633763613565383930393566
62343361376135656664386537353865306536326435613466633032333138343539623435363464
39623431353733323235353935316564666131643764646537366632366430353562383931383033
63376136623465646537343063663134323334633536356662353737613138656362353338333066
63636433623865383764343136613964333966656536396464656536626161626532353331613433
66323034396531323866323763343330383831663765336238353363323431633034366262613532
32366164343536653439333565633938333934373662393461373535393830636465663564373231
63363535633538333135343539383263373133643066643038363635353762316665616664356132
32353037623931363962316461636537316165663938633636303233646664383835323332313634
38306437616138353934383266313565646234363031636639306238366334303661346532623931
30376431613634636234653439643535656439643866383938656666303865623462353837343131
37336232613236336238623633343032616263326565616637343163313936623432356535306337
32393137653534613338303138623961613930326338316234346162333439373235623962656233
33373735643366323536663330333866363434306637646535336661316635353932373165346565
38376238373731643031396632616664616265396530356662373462303530656435333439346534
64343962646561636533333630343164306266386266656533383835323133633663653836333164
65353565623432383432353031373836366366313534353364366231656363633262346163656538
34393063646632313366653361343239666431656363643237383061646231303339323265643339
64656232643566393334303338363363323139306537616465343839363234633831643435623431
36313236643164363761376636646235663632313632316637663561313938666639626337396164
39316230313565333633323630373331346332643835313962663939326462323536663337396263
66396337376233386531323463613735653062346537363564393334613738363137623335623239
33373962646630346138643362666232336566616365333632643334343266313562656431323231
64303436343131333361366135633033333162646239616363626464663437366365633330326265
37376630303734653861306562336663363935643563376435643537613865626261616564336461
33363062386337633137363463633864623264306139653137333831313761626436633764653963
36633761336232623434316539643234376335623164383462653339313734303531616566353731
33626332323262653231643837366231343763376236393638303535393963623664393531323362
65636366653362656563376239306332353931623737366366343038383063616662626432663766
61313364616638643836353361366363626164646239383432633533663531393331623363303861
33393032353637656534643862626431316466333463643832386665353837383236336334666337
63313636666539336166306433313264343565356339326131613839613634656134663430623633
30333461623866623437646231623163313466383965383630616162643939653064653433313139
31346363303462303033366365363439663963396266376337623163626432313830666333666166
33373066353238356662626462326665653435656433353337623733636132356330653064373966
65336339313566383464366466336535336365333061343939376433336332323536363439376435
62353834633665336261313437333064386630313835356131663732393234396439613738343363
64653965653265323232663037363933653031613964613930613462646131353232386464663266
35656232353430376363356232616166643761336537653833643863383563656438363232613138
61323464353666383537323830646633643234376461363230633738623766383339303731376561
39303033333836323433633135633235363761306230393862373266373634623531326661666334
6235613363346463653036396564613263613035316364306364
